lastAccountName: jose_reche
timestamps:
  login: 1604680348043
  logout: 1604680387584
ipAddress: 127.0.0.1
lastlocation:
  world: world
  x: -185.5
  y: 69.0
  z: -257.5
  yaw: 4.1689277
  pitch: 0.0
logoutlocation:
  world: world
  x: -178.20383271529346
  y: 85.11870013341681
  z: -280.043192814932
  yaw: 3.8999937
  pitch: 82.349976
